0.524902
0.40381
0.419199
0.391901
0.387251
0.393498
0.3878
0.388801
0.386953
0.391257
0.395203
0.391102
0.389493
0.396299
0.394106
0.390208
0.389457
0.392544
0.388396
0.39345
0.391209
0.7604
0.559604
0.447345
0.406241
0.389254
0.387549
0.387943
0.398839
0.3883
0.387406
0.388801
0.396502
0.388253
0.388253
0.388408
0.387299
0.387251
0.386453
0.390244
0.389743
0.393498
0.388551
0.387955
0.389254
0.39345
0.388455
0.388658
0.390446
0.39475
0.387752
0.389159
0.389707
0.387549
0.385702
0.388455
0.396502
0.389147
0.386703
0.38625
0.400746
0.388193
0.386393
0.385952
0.399399
0.518298
0.388753
0.397193
0.4004
0.388455
0.387645
0.390494
0.39115
0.392449
0.387597
0.4058
0.388801
0.395906
0.389004
0.39171
0.387645
0.393999
0.388944
0.387049
0.386155
0.388002
0.385857
0.39475
0.388145
0.389147
0.38625
0.39165
0.395703
0.388849
0.387001
0.390208
0.395501
0.388908
0.392652
0.39494
